10028
10040
10060
10063
10073
10076
10102
10103
10105
10106
10108
10110
10117
10120
10125
10131
10134
10142
10152
10158
10171
10185
10189
10192
10196
10200
10208
10232
10250
10274
10280
10290
10319
10321
10326
10329
10330
10366
10372
10381
10383
10390
10484
10497
10508
10536
10559
10573
10580
10586
10603
10605
10621
10640
10644
10654
10808
10811
10815
10837
10847
10852
10871
10880
11122
11168
11182
11184
11202
11210
11241
11261
11272
11288
11292
11309
11316
11414
11422
11424
11426
11443
11483
11505
11511
11514
11518
11524
11543
11567
11568
11587
11653
11677
11681
11719
11720
11733
11752
11757
11763
11766
11772
11776
11778
11783
11784
11786
11788
11799
11800
11803
11804
11805
11808
11810
11811
11845
11847
11848
11878
11889
11890
11891
11904
11911
11912
11915
11920
11922
11923
11925
11927
11929
11933
11934
11938
11956
11960
11969
11975
11982
11983
12013
12037
12048
12049
12050
12058
12060
12078
12080
12086
12087
12092
12093
12108
12150
12152
12161
12169
12186
12192
12199
12206
12211
12226
12230
12233
12244
12253
12270
12279
12295
12331
12350
12405
12424
12426
12429
12432
12434
12435
12439
12442
12445
12448
12516
12518
12524
12683
12708
12712
12720
12786
12819
12828
12843
12854
12860
12874
12881
12898
12899
12920
12922
12950
12983
12990
13012
13031
13034
13067
13107
13109
13134
13138
13149
13162
13173
13202
13205
13213
13214
13227
13228
13230
13250
13257
13260
13265
13271
13274
13280
13287
13301
13324
13334
13336
13354
13356
13358
13363
13368
13371
13378
13392
13396
13397
13399
13409
13410
13413
13414
13468
13470
13472
13477
13478
13482
13486
13508
13518
13528
13541
13542
13547
13601
13618
13626
13634
13880
13883
13891
13901
13902
13942
13945
13964
13970
13986
13990
14084
14095
14138
14141
14164
14232
14234
14243
14248
14271
14274
14278
14279
14286
14293
2030
2032
2034
2037
2041
2171
2192
2207
2213
2237
2248
2265
2283
2304
2305
2308
2313
2323
2325
2334
2342
2343
2352
2363
2398
2401
2408
2414
2434
2435
2436
2452
2457
2467
2468
2475
2479
2481
2482
2485
2495
2504
2505
2524
2534
2560
2561
2562
2566
2568
2575
2579
2580
2581
2583
2587
2590
2592
2593
2615
2617
2623
2626
2629
2635
2643
2647
2679
2682
2684
2685
2687
2689
2693
2696
2697
2716
2718
2741
2742
2743
2746
2753
2762
2772
2782
2789
2793
2795
2798
2802
2808
2818
2823
2827
2829
2831
2833
2836
2837
2838
2839
2843
2847
2851
2855
2856
2867
2868
2870
2874
2884
2887
2892
2896
2898
2900
2908
2920
2922
2925
2927
2937
2939
2940
2944
2947
2952
2955
2970
2972
2973
2988
2996
2997
2998
3001
3002
3005
3006
3007
3055
3058
3062
3065
3066
3070
3072
3079
3099
3118
3124
3125
3126
3131
3140
3152
3157
3163
3170
3173
3176
3179
3183
3185
3186
3188
3203
3218
3220
3226
3229
3230
3234
3244
3257
3261
3273
3286
3293
3299
3300
3302
3312
3320
3324
3349
3357
3358
3365
3372
3373
3380
3382
3385
3397
3400
3410
3419
3421
3423
3428
3438
3440
3442
3445
3462
3463
3479
3488
3491
3492
3499
3500
3516
3534
3537
3556
3560
3578
3579
3585
3586
3587
3602
3611
3619
3620
3621
3622
3642
3651
3660
3661
3713
3721
3722
3733
3735
3738
3742
3744
3746
3748
3750
3759
3766
3768
3788
3791
3792
3793
3795
3812
3814
3816
3825
3827
3832
3833
3834
3839
3842
3844
3846
3850
3851
3856
3858
3859
3862
3864
3866
3872
3875
3876
3877
3878
3886
3890
3904
3905
3908
3909
3910
3912
3920
3923
3925
3927
3930
3931
3932
3933
3935
3940
3946
3955
3957
3959
3960
3967
3969
3970
3974
3976
3981
3988
3990
4000
4013
4015
4018
4029
4030
4031
4033
4043
4047
4104
4110
4122
4127
4133
4136
4138
4140
4144
4156
4163
4165
4170
4178
4185
4193
4194
4198
4204
4206
4209
4210
4211
4212
4218
4222
4223
4226
4243
4246
4253
4257
4265
4266
4274
4281
4282
4288
4293
4294
4296
4298
4303
4329
4332
4340
4341
4349
4350
4351
4352
4373
4374
4379
4381
4382
4385
4387
4389
4392
4393
4399
4400
4414
4415
4423
4427
4428
4439
4453
4461
4464
4465
4470
4474
4477
4483
4488
4491
4492
4495
4503
4507
4514
4516
4518
4521
4528
4532
4540
4542
4558
4584
4601
4613
4614
4640
4643
4666
4667
4673
4675
4687
4694
4718
4724
4735
4740
4743
4745
4749
4751
4759
4765
4766
4773
4779
4780
4787
4812
4815
4821
4831
4836
4842
4846
4848
4852
4887
4900
4901
4902
4908
4910
4917
4920
4921
4925
4926
4927
4928
4931
4935
4937
4940
4950
4951
4955
4959
4971
4973
4974
4998
5006
5009
5010
5013
5016
5026
5037
5042
5043
5047
5072
5074
5075
5078
5079
5080
5081
5083
5084
5086
5087
5088
5090
5094
5095
5097
5098
5102
5103
5107
5108
5115
5121
5124
5125
5127
5137
5138
5140
5148
5149
5152
5155
5183
5187
5193
5232
5259
5263
5281
5290
5321
5323
5327
5337
5339
5340
5344
5345
5349
5354
5362
5363
5367
5373
5379
5390
5392
5394
5398
5400
5409
5412
5413
5414
5420
5429
5444
5452
5456
5458
5469
5470
5478
5484
5487
5491
5496
5497
5500
5570
5582
5584
5588
5700
5706
5719
5723
5726
5728
5739
5743
5746
5748
5751
5753
5829
5830
5837
5845
5846
5854
5855
5856
5861
5862
5864
5865
5868
5875
5878
5883
5895
5899
5905
5907
5911
5917
5923
5924
5929
5930
5931
5934
5937
5941
5944
5948
5949
5950
5952
5953
5957
5960
5961
5962
5965
5973
5978
5981
5982
5997
5999
6002
6011
6029
6031
6032
6036
6046
6049
6053
6079
6082
6083
6084
6090
6091
6095
6096
6108
6117
6122
6147
6153
6175
6181
6187
6195
6196
6236
6242
6246
6266
6273
6277
6278
6283
6290
6300
6306
6316
6317
6318
6321
6329
6331
6336
6346
6347
6359
6361
6364
6366
6369
6372
6373
6380
6387
6390
6395
6406
6428
6449
6451
6453
6459
6462
6464
6483
6511
6512
6521
6523
6525
6527
6531
6544
6545
6556
6562
6566
6567
6573
6574
6579
6586
6589
6595
6600
6608
6623
6627
6642
6644
6650
6657
6661
6709
6714
6728
6743
6745
6752
6754
6755
6761
6766
6768
6779
6780
6787
6789
6803
6815
6834
6835
6840
6842
6843
6846
6867
6873
6887
6889
6896
6900
6902
6939
6940
6952
6955
6968
6980
6997
7003
7015
7026
7029
7041
7059
7061
7066
7067
7069
7075
7091
7104
7113
7118
7120
7150
7318
7329
7339
7344
7347
7356
7365
7366
7368
7370
7374
7385
7388
7397
7400
7416
7422
7423
7427
7460
7480
7481
7483
7484
7485
7487
7488
7489
7494
7503
7504
7506
7507
7508
7538
7540
7544
7553
7555
7565
7566
7569
7575
7576
7579
7580
7583
7584
7602
7604
7614
7616
7623
7630
7647
7661
7671
7672
7674
7678
7696
7702
7735
7756
7759
7760
7761
7763
7764
7765
7766
7768
7769
7772
7781
7786
7789
7790
7791
7792
7793
7803
7808
7810
7811
7813
7817
7818
7819
7824
7826
7833
7835
7861
7863
7864
7865
7871
7879
7888
7890
7893
7900
7904
7906
7912
7917
7930
7942
7950
7954
7960
7961
7966
7969
7975
8003
8005
8008
8009
8014
8015
8016
8019
8021
8022
8024
8028
8029
8030
8033
8036
8041
8042
8044
8045
8046
8051
8053
8056
8063
8075
8082
8085
8087
8095
8116
8131
8136
8143
8148
8149
8150
8153
8158
8163
8164
8166
8172
8174
8175
8184
8187
8199
8208
8211
8214
8219
8223
8228
8230
8233
8234
8237
8239
8252
8253
8269
8273
8274
8278
8292
8308
8310
8314
8316
8320
8321
8324
8327
8346
8350
8351
8352
8356
8360
8361
8362
8366
8373
8375
8426
8456
8462
8466
8475
8478
8483
8485
8486
8487
8496
8497
8498
8499
8501
8505
8506
8510
8532
8535
8537
8547
8590
8594
8595
8602
8613
8627
8635
8637
8641
8647
8654
8657
8661
8663
8666
8668
8675
8681
8682
8683
8689
8700
8782
8827
8829
8835
8854
8855
8915
8917
8928
8962
8964
8967
8980
8990
9010
9011
9013
9054
9064
9079
9102
9105
9108
9110
9114
9116
9126
9127
9137
9143
9147
9149
9151
9154
9176
9204
9205
9211
9213
9214
9219
9220
9233
9235
9237
9246
9249
9256
9262
9268
9269
9278
9293
9296
9318
9319
9327
9330
9332
9333
9334
9338
9340
9360
9365
9378
9405
9409
9421
9433
9436
9454
9462
9466
9468
9478
9479
9482
9488
9491
9494
9496
9553
9562
9565
9570
9576
9589
9591
9640
9641
9657
9660
9662
9663
9664
9673
9674
9680
9689
9691
9735
9742
9745
9749
9762
9828
9832
9844
9857
9861
9871
9881
9888
9899
9909
9911
9913
9916
9926
9943
9995
