chr	pos	allele	samp1	samp2	samp3
20	11976121	TC	0 1	0.2 0	0 0
20	11976755	CT	0 0	1 0	1 0
20	11976813	GC	1 0	1 0	1 0
20	11976892	AG	0 0	0 0	0 0
20	11976958	TA	1 0	1 0	1 0
20	11977230	AG	0 1	1 0	1 0
20	11977395	AC	0 1	1 0	0 0
20	11977595	GA	0 1	0 0	0 0
20	11977863	CT	0 0	0 0	0 0
20	11977971	AG	0 0	1 0	1 0
20	11978075	CT	0 0	1 0	1 0
20	11978228	AG	0 0	1 0	1 0
20	11978265	AG	0 0	1 0	1 0
20	11978363	CT	1 0	1 0	1 0
20	11978378	TC	0 0	0 0	0 0
20	11978401	GT	0 1	0 0	0 0
20	11978530	TA	0 1	0 0	0 0
20	11978842	GA	0 0	1 0	0 0
20	11978941	GA	0 1	1 0	0 0
20	11979101	GA	0 0	0 0	0 0
20	11979195	CT	0 1	0 0	1 0
20	11979325	TA	0 1	1 0	0 0
20	11979326	CT	0 1	1 0	0 0
20	11979579	AT	0 0	1 0	0 0
20	11979742	GA	1 0	1 0	1 0
20	11979943	TC	0 0	1 0	1 0
20	11980132	CT	0 0	1 0	0 0
20	11980200	GA	0 1	1 0	0 0
20	11980257	AT	0 1	0 0	1 0
20	11980350	CT	0 1	0 0	1 0
20	11980574	AC	0 0	1 0	1 0
20	11980706	GC	0 0	1 0	1 0
20	11980979	TA	0 0	1 0	0 0
20	11980996	CT	0 1	0 0	1 0
20	11981027	AG	0 0	0 0	0 0
20	11981502	GA	1 0	1 0	1 0
20	11981691	TC	0 1	0 0	1 0
20	11981714	GC	0 1	0 0	1 0
20	11981950	CT	0 0	0 0	0 0
20	11982097	CG	0 1	0 0	1 0
20	11982600	CT	1 0	1 0	1 0
20	11982632	AG	0 1	1 0	0 0
20	11982804	CT	0 1	1 0	1 0
20	11982888	AT	0 0	0 0	0 0
20	11983301	GA	0 1	0 0	1 0
20	11983413	AG	0 0	1 0	1 0
20	11983660	CT	0 0	1 0	0 0
20	11984051	GT	0 0	0 0	0 0
20	11984189	AG	0 0	1 0	0 0
20	11984379	GA	0 0	1 0	0 0
20	11984684	CT	0 0	1 0	1 0
20	11984728	AT	0 0	1 0	0 0
20	11984780	TG	0 0	1 0	0 0
20	11984862	AG	0 0	1 0	1 0
20	11984916	AC	0 1	1 0	1 0
20	11984942	GA	0 1	0 0	0 0
20	11985289	GA	0 1	1 0	1 0
20	11985400	TC	0 0	1 0	1 0
20	11985481	AT	0 1	1 0	1 0
20	11985493	AG	0 1	1 0	1 0
20	11985666	GC	0 1	0 0	1 0
20	11985757	CT	0 0	0 0	0 0
20	11985938	GC	0 1	0 0	1 0
20	11985958	GA	0 0	0 0	0 0
20	11986180	CA	0 0	0 0	0 0
20	11986692	TC	1 0	1 0	1 0
20	11986730	GA	0 1	1 0	0 0
20	11987172	AG	0 0	1 0	0 0
20	11987365	CT	0 0	0 0	0 0
20	11987393	AG	0 1	0 0	1 0
20	11987939	CT	0 0	1 0	1 0
20	11988141	TC	0 1	1 0	1 0
20	11988274	GA	0 0	1 0	0 0
20	11988582	CT	0 1	1 0	0 0
20	11988807	AG	0 1	0 0	0 0
20	11988849	GT	0 0	0 0	0 0
20	11989339	TC	1 0	1 0	1 0
20	11989542	TG	0 0	0 0	0 0
20	11989635	GA	0 0	1 0	1 0
20	11989755	TG	0 0	1 0	0 0
20	11990280	AG	0 0	1 0	1 0
20	11990546	TG	0 1	1 0	0 0
20	11990566	CT	0 1	1 0	1 0
20	11990576	AG	0 1	1 0	0 0
20	11990816	GA	0 1	1 0	0 0
20	11991178	AG	0 0	1 0	1 0
20	11991190	TC	1 0	1 0	1 0
20	11991252	GA	0 1	1 0	0 0
20	11991383	AG	0 0	1 0	1 0
20	11991447	CT	0 1	1 0	1 0
20	11991694	CT	1 0	1 0	1 0
20	11991888	AG	0 0	1 0	0 0
20	11992344	CG	1 0	1 0	1 0
20	11992857	TG	0 1	1 0	0 0
20	11993045	TG	0 1	0 0	1 0
20	11993194	GA	0 0	0 0	0 0
20	11993624	AG	1 0	1 0	1 0
20	11993698	TC	0 1	0 0	1 0
20	11993813	AG	1 0	1 0	1 0
20	11994130	GA	0 1	0 0	1 0
20	11994232	CT	0 0	1 0	0 0
20	11994395	GA	0 1	1 0	0 0
20	11994911	CT	0 1	1 0	0 0
20	11995088	AG	0 0	1 0	0 0
20	11995353	AG	0 0	1 0	0 0
20	11995427	AG	0 1	1 0	0 0
20	11995533	GA	0 1	0 0	0 0
20	11995590	AT	1 0	1 0	1 0
20	11995776	TC	0 1	1 0	0 0
20	11995963	CT	0 0	1 0	0 0
20	11996077	GT	1 0	1 0	1 0
20	11996257	TA	0 1	0 0	0 0
20	11996267	GA	0 0	1 0	1 0
20	11996643	AT	0 1	1 0	0 0
20	11996720	CT	1 0	1 0	1 0
20	11996731	CG	0 0	1 0	1 0
20	11997323	AG	0 0	1 0	0 0
20	11998446	GC	0 0	1 0	0 0
20	11999145	AT	0 1	0 0	1 0
20	11999192	GC	0 1	1 0	0 0
20	11999278	TG	0 1	1 0	0 0
20	11999401	CA	0 0	1 0	1 0
20	11999419	AG	0 0	0 0	0 0
20	11999432	AG	1 0	1 0	1 0
20	11999471	AG	0 0	0 0	0 0
20	11999532	GA	0 0	1 0	1 0
20	11999639	AG	0 1	0 0	1 0
20	12000083	TA	0 1	1 0	0 0
20	12000118	AG	0 0	1 0	1 0
20	12001080	CT	0 0	1 0	1 0
20	12001554	CT	0 0	0 0	0 0
20	12001651	GA	0 0	0 0	0 0
20	12001941	CT	0 0	1 0	0 0
20	12001949	CT	0 0	1 0	0 0
20	12002029	TC	0 1	0 0	1 0
20	12002340	GT	0 0	1 0	1 0
20	12002414	AG	0 1	1 0	1 0
20	12002500	AG	0 0	1 0	0 0
20	12002704	CT	0 0	1 0	0 0
20	12002801	TG	0 0	1 0	0 0
20	12002829	AG	1 0	1 0	1 0
20	12002915	AG	1 0	1 0	1 0
20	12003206	CT	0 0	1 0	0 0
20	12003282	CT	0 0	0 0	0 0
20	12003346	CT	0 0	0 0	0 0
20	12003383	TC	0 1	0 0	1 0
20	12003410	GA	0 1	1 0	1 0
20	12003484	GA	0 0	1 0	0 0
20	12003637	CG	0 0	0 0	0 0
20	12004113	TC	0 0	1 0	0 0
20	12004394	CT	0 0	1 0	0 0
20	12004545	TC	0 0	1 0	1 0
20	12004653	GT	0 0	1 0	1 0
20	12004943	GA	0 1	0 0	0 0
20	12005039	GA	1 0	1 0	1 0
20	12005081	GA	0 0	1 0	1 0
20	12005221	GA	0 0	0 0	0 0
20	12005579	TC	0 1	1 0	0 0
20	12007033	AG	1 0	1 0	1 0
20	12007223	CT	0 1	1 0	1 0
20	12007269	AG	1 0	1 0	1 0
20	12007368	GC	0 1	1 0	1 0
20	12007666	CT	0 0	1 0	1 0
20	12008321	GC	0 0	1 0	0 0
20	12009266	CG	1 0	1 0	1 0
20	12009321	TG	0 1	1 0	1 0
20	12009327	AG	1 0	1 0	1 0
20	12009360	TC	0 1	0 0	0 0
20	12009374	CT	0 0	1 0	1 0
20	12009396	AG	1 0	1 0	1 0
20	12009402	GA	0 1	1 0	1 0
20	12009410	CT	1 0	1 0	1 0
20	12009492	CT	0 0	1 0	1 0
20	12009670	CT	1 0	1 0	1 0
20	12009913	AG	0 1	1 0	0 0
20	12010016	TC	0 0	0 0	0 0
20	12010188	GT	0 0	0 0	0 0
20	12010235	GT	0 0	1 0	0 0
20	12010447	AG	0 1	0 0	1 0
20	12010506	CA	0 1	0 0	0 0
20	12010782	TC	0 0	1 0	1 0
20	12010821	CT	0 0	1 0	1 0
20	12010858	AG	0 0	0 0	0 0
20	12011045	CG	0 0	1 0	1 0
20	12011289	TG	1 0	1 0	1 0
20	12011290	GA	0 1	0 0	0 0
20	12011371	AG	0 0	0 0	0 0
20	12011397	GA	0 1	1 0	1 0
20	12011405	GT	0 0	1 0	1 0
20	12011504	GA	0 1	1 0	0 0
20	12011588	AG	0 0	1 0	0 0
20	12011654	TC	0 0	1 0	1 0
20	12011846	AC	0 0	1 0	0 0
20	12011975	TC	0 1	0 0	1 0
20	12012038	AC	1 0	1 0	1 0
20	12012520	TC	0 1	0 0	1 0
20	12012645	CG	0 0	1 0	0 0
20	12012909	AG	0 1	0 0	0 0
20	12012939	GA	0 1	1 0	1 0
20	12013177	GA	0 1	1 0	1 0
20	12013232	AG	0 1	0 0	0 0
20	12013980	AG	0 0	1 0	1 0
20	12014176	GA	0 1	0 0	1 0
20	12014639	GT	0 1	1 0	1 0
20	12014985	TC	0 0	1 0	0 0
20	12015179	CT	0 0	0 0	0 0
20	12015490	TC	0 0	1 0	1 0
20	12015879	GA	0 1	1 0	1 0
20	12016146	CT	0 0	1 0	0 0
20	12016282	CA	0 1	0 0	1 0
20	12017115	TA	0 0	0 0	0 0
20	12017394	GA	0 0	1 0	0 0
20	12017614	CA	0 0	1 0	1 0
20	12017862	AG	0 0	1 0	0 0
20	12018364	TC	0 1	0 0	0 0
20	12018469	GA	0 0	1 0	0 0
20	12018922	AT	0 0	1 0	0 0
20	12019032	GA	0 0	1 0	0 0
20	12019249	TC	0 0	1 0	0 0
20	12019288	AG	0 0	0 0	0 0
20	12019414	AG	0 0	0 0	0 0
20	12019563	GA	0 1	0 0	0 0
20	12019569	AG	0 0	1 0	1 0
20	12019746	TC	0 1	0 0	0 0
20	12019903	CT	0 1	1 0	1 0
20	12020366	CT	0 1	0 0	0 0
20	12020399	AC	0 1	1 0	1 0
20	12020548	TC	0 0	0 0	0 0
20	12020630	CT	0 0	0 0	0 0
20	12020999	AG	0 0	1 0	1 0
20	12021324	CT	0 1	1 0	0 0
20	12021429	TC	0 0	0 0	0 0
20	12021565	AG	0 0	1 0	0 0
20	12022067	TC	0 0	1 0	0 0
20	12022125	CT	0 1	0 0	1 0
20	12022793	CT	0 1	1 0	1 0
20	12023330	TC	0 0	1 0	0 0
20	12023528	CA	0 1	0 0	0 0
20	12023600	GA	0 0	0 0	0 0
20	12023851	GA	1 0	1 0	1 0
20	12024211	AT	1 0	1 0	1 0
20	12024287	AT	0 0	0 0	0 0
20	12024673	CT	0 0	1 0	1 0
20	12024709	AG	0 1	0 0	1 0
20	12024851	CT	0 1	1 0	0 0
20	12025141	CA	0 0	0 0	0 0
20	12025280	AG	0 0	1 0	0 0
20	12025400	AC	0 0	0 0	0 0
20	12025424	GC	0 0	1 0	1 0
20	12025681	GA	1 0	1 0	1 0
20	12025837	TC	0 1	1 0	1 0
20	12025855	TC	0 0	0 0	0 0
20	12025973	TC	0 1	1 0	1 0
20	12025988	CT	0 0	0 0	0 0
20	12025996	CT	0 0	1 0	1 0
20	12026198	GC	0 0	0 0	0 0
20	12026201	AG	0 1	1 0	0 0
20	12026479	AC	0 0	0 0	0 0
20	12027098	GC	0 0	1 0	0 0
20	12027910	GA	0 1	0 0	1 0
20	12028059	AG	0 1	1 0	1 0
20	12028590	AG	0 1	1 0	1 0
20	12028662	AG	1 0	1 0	1 0
20	12029038	TC	0 0	1 0	1 0
20	12029619	CT	1 0	1 0	1 0
20	12029716	CT	0 0	1 0	0 0
20	12030163	CT	0 0	1 0	0 0
20	12030342	GA	0 1	0 0	1 0
20	12030373	AG	0 0	1 0	0 0
20	12030793	CT	0 0	0 0	0 0
20	12030887	AG	0 0	1 0	1 0
20	12030904	CT	0 1	0 0	1 0
20	12031007	GA	0 1	0 0	0 0
20	12031851	GA	0 0	0 0	0 0
20	12032006	GA	0 1	1 0	0 0
20	12032020	CT	0 0	0 0	0 0
20	12032390	CT	0 0	0 0	0 0
20	12032928	GT	0 0	0 0	0 0
20	12033098	GA	0 0	1 0	0 0
20	12033613	AC	0 0	0 0	0 0
20	12033963	CT	0 1	1 0	0 0
20	12034196	CT	0 0	0 0	0 0
20	12034419	AG	0 0	1 0	0 0
20	12034531	CT	0 0	1 0	0 0
20	12034619	GA	0 1	1 0	1 0
20	12034629	TC	0 0	1 0	1 0
20	12034818	AG	0 1	1 0	0 0
20	12034879	GA	0 1	0 0	1 0
20	12035796	CT	0 1	0 0	0 0
20	12036157	TC	0 0	0 0	0 0
20	12036587	AT	1 0	1 0	1 0
20	12036798	CA	0 0	1 0	0 0
20	12037478	GA	1 0	1 0	1 0
20	12037845	CT	1 0	1 0	1 0
20	12038094	AG	0 0	0 0	0 0
20	12038105	AG	0 0	1 0	1 0
20	12038126	GA	0 0	0 0	0 0
20	12038301	AC	0 0	0 0	0 0
20	12038339	GT	0 1	0 0	1 0
20	12038379	CT	1 0	1 0	1 0
20	12038593	CT	0 0	1 0	1 0
20	12038609	AG	0 0	1 0	0 0
20	12038640	CT	0 1	1 0	0 0
20	12038673	GA	0 1	0 0	0 0
20	12038763	CT	0 0	0 0	0 0
20	12038794	TC	0 1	1 0	1 0
20	12039103	GA	0 0	0 0	0 0
20	12039205	AG	0 1	1 0	0 0
20	12039542	AG	0 0	1 0	1 0
20	12039607	TG	0 1	0 0	0 0
20	12039845	TG	0 1	1 0	1 0
20	12039877	AG	0 0	0 0	0 0
20	12039984	AG	0 0	1 0	1 0
20	12040222	TC	0 0	1 0	0 0
20	12040626	TA	0 0	1 0	1 0
20	12040737	CT	0 1	1 0	0 0
20	12040746	GA	1 0	1 0	1 0
20	12041016	AC	0 0	1 0	0 0
20	12041419	CA	0 0	0 0	0 0
20	12041591	AT	0 0	1 0	0 0
20	12041678	TG	0 0	1 0	0 0
20	12041712	AT	0 0	1 0	0 0
20	12041726	GA	0 1	1 0	0 0
20	12041727	AG	0 1	0 0	0 0
20	12042136	CT	1 0	1 0	1 0
20	12042210	CT	0 1	1 0	1 0
20	12042356	CT	0 1	1 0	1 0
20	12042514	TC	0 1	1 0	1 0
20	12042525	AC	0 0	1 0	0 0
20	12042692	AG	0 0	1 0	1 0
20	12042769	AC	0 1	0 0	0 0
20	12042912	CA	0 0	0 0	0 0
20	12042999	CT	0 0	0 0	0 0
20	12043202	AG	1 0	1 0	1 0
20	12043325	GA	0 1	0 0	1 0
20	12043451	GA	1 0	1 0	1 0
20	12043487	TG	0 0	1 0	0 0
20	12043520	AG	0 0	0 0	0 0
20	12043527	AT	1 0	1 0	1 0
20	12043623	CT	1 0	1 0	1 0
20	12043748	TC	0 0	1 0	0 0
20	12043812	AG	0 1	0 0	1 0
20	12043823	CT	1 0	1 0	1 0
20	12044188	CG	0 1	1 0	1 0
20	12044223	AG	0 0	1 0	1 0
20	12044486	GC	0 1	1 0	0 0
20	12044560	AC	0 0	1 0	0 0
20	12044564	TC	0 1	0 0	0 0
20	12044640	AG	0 0	1 0	0 0
20	12044811	GA	0 1	1 0	0 0
20	12044927	AG	0 0	1 0	1 0
20	12045228	TA	1 0	1 0	1 0
20	12045249	CT	0 0	1 0	0 0
20	12045610	AG	0 1	1 0	1 0
20	12045686	CT	0 1	1 0	0 0
20	12045929	CT	0 0	1 0	1 0
20	12046072	CA	1 0	1 0	1 0
20	12046109	AG	0 0	1 0	1 0
20	12046129	GA	1 0	1 0	1 0
20	12046453	AG	0 0	1 0	0 0
20	12046546	CT	0 0	0 0	0 0
20	12046569	CG	0 1	0 0	0 0
20	12046626	AC	0 0	1 0	1 0
20	12046687	GA	0 0	1 0	1 0
20	12046991	TG	0 1	0 0	1 0
20	12046998	CA	0 0	0 0	0 0
20	12047120	TC	0 0	0 0	0 0
20	12047163	GA	0 0	1 0	1 0
20	12047235	CT	0 1	0 0	1 0
20	12047242	AG	0 1	0 0	1 0
20	12047731	TG	0 1	1 0	1 0
20	12047745	TA	0 1	0 0	1 0
20	12047836	CG	1 0	1 0	1 0
20	12047955	CT	0 0	1 0	0 0
20	12047977	AC	0 1	0 0	1 0
20	12048024	TC	0 0	1 0	0 0
20	12048386	AG	1 0	1 0	1 0
20	12048536	GA	0 0	1 0	1 0
20	12048706	TC	0 1	1 0	1 0
20	12048980	CG	0 1	1 0	1 0
20	12049008	CA	0 0	1 0	1 0
20	12049030	GA	1 0	1 0	1 0
20	12049165	CT	1 0	1 0	1 0
20	12049197	TG	1 0	1 0	1 0
20	12049314	TC	0 0	0 0	0 0
20	12049317	CT	1 0	1 0	1 0
20	12049372	AC	0 0	1 0	1 0
20	12049380	AG	1 0	1 0	1 0
20	12049762	TC	0 0	1 0	0 0
20	12049835	CT	0 0	0 0	0 0
20	12050112	GC	0 0	0 0	0 0
20	12050293	TC	1 0	1 0	1 0
20	12050383	CT	0 0	0 0	0 0
20	12050526	AG	0 0	0 0	0 0
20	12050903	CT	0 0	1 0	1 0
20	12050905	GC	0 1	0 0	0 0
20	12050995	CT	0 0	1 0	1 0
20	12051335	CT	1 0	1 0	1 0
20	12051534	AG	0 0	1 0	0 0
20	12051590	AC	0 1	1 0	0 0
20	12051824	GA	0 0	1 0	1 0
20	12051956	CG	0 0	1 0	0 0
20	12052345	GA	0 1	0 0	0 0
20	12052533	TC	0 0	1 0	1 0
20	12053047	CA	0 0	1 0	0 0
20	12053275	CT	0 0	1 0	1 0
20	12053463	TC	0 0	1 0	0 0
20	12053495	CT	0 1	1 0	0 0
20	12053527	AG	0 0	0 0	0 0
20	12053632	CG	1 0	1 0	1 0
20	12054152	AG	0 1	0 0	0 0
20	12054487	GA	1 0	1 0	1 0
20	12054604	CT	0 0	1 0	1 0
20	12055026	TC	0 1	0 0	0 0
20	12055033	AG	0 0	0 0	0 0
20	12055272	AT	0 1	0 0	0 0
20	12055280	GC	1 0	1 0	1 0
20	12055438	CT	1 0	1 0	1 0
20	12056294	CT	0 1	1 0	1 0
20	12056451	CA	0 1	0 0	1 0
20	12056636	TC	0 0	1 0	0 0
20	12057001	GA	0 0	1 0	1 0
20	12057022	GA	0 1	1 0	0 0
20	12057130	CT	1 0	1 0	1 0
20	12057152	GC	0 0	1 0	1 0
20	12057157	CT	0 0	1 0	0 0
20	12057375	CT	0 0	1 0	0 0
20	12057380	CT	0 0	0 0	0 0
20	12057421	TC	1 0	1 0	1 0
20	12057659	TC	0 1	1 0	1 0
20	12057761	GA	0 0	1 0	0 0
20	12057938	AG	0 1	1 0	0 0
20	12058048	AG	1 0	1 0	1 0
20	12058131	CT	0 0	0 0	0 0
20	12058307	CT	0 1	0 0	0 0
20	12058368	GA	0 0	1 0	1 0
20	12058391	CT	0 0	0 0	0 0
20	12058479	CT	0 1	1 0	0 0
20	12058571	GA	0 1	0 0	1 0
20	12058581	GA	0 0	1 0	0 0
20	12058669	AG	0 0	1 0	1 0
20	12058809	TA	0 1	1 0	1 0
20	12058978	CT	0 1	0 0	0 0
20	12059280	CG	0 1	1 0	0 0
20	12059643	GA	0 1	0 0	0 0
20	12059797	GA	0 1	1 0	1 0
20	12060185	GA	1 0	1 0	1 0
20	12060312	TC	0 1	1 0	0 0
20	12060395	TG	0 0	1 0	0 0
20	12060525	CT	0 0	1 0	1 0
20	12061279	GC	1 0	1 0	1 0
20	12061317	GA	0 1	0 0	0 0
20	12061501	TC	0 0	1 0	1 0
20	12061848	CT	0 1	0 0	1 0
20	12062561	TC	0 1	0 0	1 0
20	12062574	GA	0 0	0 0	0 0
20	12062582	AG	0 1	1 0	1 0
20	12062648	GA	0 1	1 0	1 0
20	12062880	GA	0 1	1 0	1 0
20	12063253	GA	0 1	0 0	0 0
20	12063266	TG	0 1	1 0	1 0
20	12063279	TC	0 1	0 0	0 0
20	12063550	AG	1 0	1 0	1 0
20	12063615	CG	0 0	0 0	0 0
20	12063683	GA	0 0	0 0	0 0
20	12063932	AC	0 0	1 0	0 0
20	12064143	GA	0 0	0 0	0 0
20	12064152	TC	0 0	0 0	0 0
20	12064238	GA	0 0	0 0	0 0
20	12064618	GA	0 0	1 0	0 0
20	12064981	AT	0 0	1 0	0 0
20	12064993	CA	0 0	0 0	0 0
20	12065369	CT	0 0	0 0	0 0
20	12065664	CT	1 0	1 0	1 0
20	12065733	CG	0 1	0 0	1 0
20	12065762	TC	0 0	1 0	1 0
20	12065767	GA	0 0	0 0	0 0
20	12065815	TC	0 0	1 0	0 0
20	12066098	CT	0 1	1 0	0 0
20	12066132	GA	0 0	1 0	0 0
20	12066176	TC	0 0	1 0	1 0
20	12066197	AG	0 1	0 0	0 0
20	12066199	GA	0 0	0 0	0 0
20	12066236	GA	0 1	0 0	1 0
20	12066591	TG	0 0	1 0	0 0
20	12066759	CT	0 0	1 0	0 0
20	12066809	CT	0 1	1 0	1 0
20	12066920	CT	0 1	1 0	1 0
20	12067760	CT	0 0	1 0	1 0
20	12067965	AG	0 1	0 0	0 0
20	12067997	TG	0 0	0 0	0 0
20	12068758	AG	0 1	0 0	1 0
20	12068859	TC	0 1	0 0	0 0
20	12068905	GA	0 1	0 0	1 0
20	12068933	CT	0 0	1 0	0 0
20	12069036	TG	0 0	0 0	0 0
20	12069037	TC	0 0	1 0	1 0
20	12069077	TG	1 0	1 0	1 0
20	12069092	GA	0 0	1 0	0 0
20	12069138	CT	0 0	0 0	0 0
20	12069222	TC	0 0	1 0	0 0
20	12069595	CT	0 0	0 0	0 0
20	12069619	CT	0 1	0 0	1 0
20	12069732	TC	0 0	1 0	1 0
20	12070033	CT	0 1	0 0	1 0
20	12070055	CT	1 0	1 0	1 0
20	12070164	AG	0 0	1 0	0 0
20	12071025	GA	0 0	1 0	1 0
20	12071111	TC	0 1	1 0	1 0
20	12071292	TC	0 1	0 0	0 0
20	12071450	CT	0 0	1 0	1 0
20	12071859	CT	1 0	1 0	1 0
20	12072049	CT	0 0	1 0	1 0
20	12072201	AG	0 1	1 0	1 0
20	12072452	CT	0 1	1 0	1 0
20	12072695	TA	0 0	1 0	1 0
20	12073112	AG	1 0	1 0	1 0
20	12073308	AG	0 0	1 0	0 0
20	12073465	AT	0 0	1 0	1 0
20	12073700	TC	1 0	1 0	1 0
20	12074182	GA	0 0	1 0	0 0
20	12074214	AG	0 0	0 0	0 0
20	12074459	CG	0 1	1 0	1 0
20	12074551	CT	0 0	1 0	0 0
20	12074609	CT	0 1	1 0	0 0
20	12074710	GA	1 0	1 0	1 0
20	12074811	GC	0 1	0 0	0 0
20	12074890	CA	1 0	1 0	1 0
20	12075759	AT	1 0	1 0	1 0
20	12075760	TC	0 0	1 0	0 0
20	12075952	CT	0 1	1 0	1 0
20	12076029	AC	0 1	1 0	1 0
20	12076269	CG	0 0	0 0	0 0
20	12076952	GC	0 1	1 0	1 0
20	12076988	CT	0 1	1 0	1 0
20	12077099	AG	0 0	1 0	0 0
20	12077169	CT	0 1	0 0	0 0
20	12077306	TC	0 0	1 0	0 0
20	12077400	AG	0 0	0 0	0 0
20	12077402	GA	1 0	1 0	1 0
20	12077670	GA	0 0	1 0	1 0
20	12077714	CT	1 0	1 0	1 0
20	12078012	TG	0 0	1 0	1 0
20	12078120	CA	0 1	0 0	1 0
20	12078198	CT	0 1	0 0	1 0
20	12078244	CG	0 1	1 0	0 0
20	12078284	GA	0 1	1 0	0 0
20	12078347	GA	0 1	0 0	1 0
20	12078661	CT	0 0	0 0	0 0
20	12078714	CT	0 0	1 0	1 0
20	12079018	CT	0 1	0 0	0 0
20	12079061	TC	0 0	1 0	1 0
20	12079214	GA	1 0	1 0	1 0
20	12079251	TC	0 0	0 0	0 0
20	12079256	AG	0 0	1 0	1 0
20	12079676	GA	0 0	1 0	0 0
20	12080177	AT	0 1	1 0	0 0
20	12080332	AC	0 1	0 0	1 0
20	12080722	GT	0 0	1 0	0 0
20	12080761	CG	0 0	1 0	1 0
20	12080913	GA	0 0	0 0	0 0
20	12081030	GA	0 1	0 0	0 0
20	12081092	GA	0 0	1 0	0 0
20	12082381	TC	1 0	1 0	1 0
20	12082412	CT	0 0	1 0	0 0
20	12082692	AG	0 0	1 0	1 0
20	12083179	GA	0 1	0 0	1 0
20	12083220	AG	0 0	1 0	0 0
20	12083343	TG	0 0	0 0	0 0
20	12083599	TG	0 1	0 0	1 0
20	12083603	AG	0 0	1 0	0 0
20	12083838	AT	0 1	1 0	0 0
20	12083863	GA	0 1	1 0	1 0
20	12084155	GA	0 1	0 0	0 0
20	12084587	AC	0 1	1 0	0 0
20	12086041	CT	0 0	0 0	0 0
20	12086053	CT	0 1	1 0	1 0
20	12086222	CA	0 0	0 0	0 0
20	12086512	AC	0 1	1 0	0 0
20	12086815	AC	0 1	1 0	1 0
20	12086997	GA	0 0	0 0	0 0
20	12087578	AG	0 1	0 0	1 0
20	12088534	TC	1 0	1 0	1 0
20	12088568	AG	0 1	1 0	0 0
20	12088733	GT	0 0	1 0	1 0
20	12088965	AG	0 0	1 0	0 0
20	12089145	AG	0 1	1 0	1 0
20	12089215	AG	0 0	0 0	0 0
20	12089454	AG	1 0	1 0	1 0
20	12089732	AT	0 0	0 0	0 0
20	12089821	CA	1 0	1 0	1 0
20	12090274	GT	0 0	1 0	0 0
20	12091187	TC	0 0	1 0	1 0
20	12091352	AG	0 1	1 0	1 0
20	12091464	GA	0 0	0 0	0 0
20	12091756	GA	1 0	1 0	1 0
20	12091942	CA	0 0	0 0	0 0
20	12091981	CG	0 1	1 0	0 0
20	12092125	GA	0 1	0 0	1 0
20	12093068	AG	0 0	0 0	0 0
20	12093158	CT	0 1	1 0	1 0
20	12093618	TC	1 0	1 0	1 0
20	12093716	TC	0 0	1 0	0 0
20	12093724	AG	0 0	1 0	0 0
20	12093791	AC	0 1	1 0	1 0
20	12094623	GT	0 0	0 0	0 0
20	12094915	CT	0 0	0 0	0 0
20	12095055	TG	0 0	1 0	0 0
20	12095480	CT	1 0	1 0	1 0
20	12095973	AG	0 0	1 0	1 0
20	12096110	TC	0 0	1 0	0 0
20	12096464	TC	0 0	1 0	1 0
20	12096694	GC	0 0	1 0	0 0
20	12096884	CT	0 1	0 0	1 0
20	12096897	AG	0 0	1 0	1 0
20	12097831	CT	0 0	0 0	0 0
20	12097868	TC	1 0	1 0	1 0
20	12097931	CT	0 0	0 0	0 0
20	12097966	GA	0 0	1 0	1 0
20	12098010	CT	0 0	1 0	1 0
20	12098826	GA	0 1	0 0	0 0
20	12099255	GA	0 0	0 0	0 0
20	12099349	GT	0 1	0 0	1 0
20	12099793	AG	0 1	1 0	1 0
20	12099973	GA	0 1	1 0	1 0
20	12100071	GC	0 0	0 0	0 0
20	12100533	TC	0 1	1 0	0 0
20	12100641	TC	0 0	1 0	0 0
20	12100746	AG	0 1	0 0	1 0
20	12100804	GC	0 0	0 0	0 0
20	12100998	TC	0 0	1 0	0 0
20	12101028	CG	0 0	1 0	1 0
20	12101405	GA	0 1	1 0	1 0
20	12101517	AC	0 0	1 0	0 0
20	12101789	TA	0 1	0 0	0 0
20	12102094	TC	0 1	0 0	1 0
20	12102198	CA	0 0	1 0	0 0
20	12102222	AG	0 0	0 0	0 0
20	12102249	GT	0 0	1 0	1 0
20	12102387	AC	0 1	1 0	1 0
20	12102786	TG	0 1	0 0	0 0
20	12102795	CG	0 1	1 0	0 0
20	12103286	AG	0 0	0 0	0 0
20	12103488	CT	1 0	1 0	1 0
20	12103578	GA	1 0	1 0	1 0
20	12103784	AG	0 0	0 0	0 0
20	12104324	AG	0 0	0 0	0 0
20	12104337	TA	0 0	1 0	0 0
20	12104362	TG	0 0	0 0	0 0
20	12105438	TC	0 0	1 0	1 0
20	12105443	GA	0 1	0 0	1 0
20	12105737	CA	0 0	1 0	1 0
20	12105803	CT	0 1	1 0	0 0
20	12105826	GC	0 0	1 0	0 0
20	12105843	GA	0 1	0 0	1 0
20	12107667	CT	0 0	1 0	1 0
20	12108093	TC	0 0	0 0	0 0
20	12108478	AG	0 1	1 0	1 0
20	12108952	CA	0 1	0 0	1 0
20	12109069	GT	0 0	0 0	0 0
20	12109336	CT	0 1	1 0	1 0
20	12109386	CT	0 0	0 0	0 0
20	12109911	GT	1 0	1 0	1 0
20	12110061	TC	0 0	1 0	0 0
20	12110084	GA	0 1	1 0	1 0
20	12110103	AG	1 0	1 0	1 0
20	12110106	AG	1 0	1 0	1 0
20	12110217	CT	0 0	1 0	0 0
20	12110334	CT	0 1	0 0	1 0
20	12110339	CA	0 1	0 0	0 0
20	12110440	AG	0 0	1 0	0 0
20	12110737	TC	0 0	0 0	0 0
20	12110839	TC	0 1	1 0	1 0
20	12110864	GT	0 1	1 0	1 0
20	12110947	AT	0 1	1 0	1 0
20	12110984	TC	0 0	1 0	1 0
20	12111313	TA	0 1	0 0	1 0
20	12111576	GA	0 0	0 0	0 0
20	12111669	AG	1 0	1 0	1 0
20	12111689	CT	0 1	0 0	0 0
20	12111806	GA	0 0	1 0	0 0
20	12112010	AG	1 0	1 0	1 0
20	12112117	AG	0 1	0 0	1 0
20	12112263	TC	0 1	1 0	0 0
20	12112479	GA	0 1	1 0	0 0
20	12112614	GA	0 0	1 0	1 0
20	12112723	GC	1 0	1 0	1 0
20	12112828	GA	0 0	1 0	1 0
20	12112920	TG	0 0	1 0	1 0
20	12113028	TG	1 0	1 0	1 0
20	12113070	AG	0 0	0 0	0 0
20	12113410	GT	0 0	0 0	0 0
20	12113416	CT	1 0	1 0	1 0
20	12113452	TC	0 1	1 0	0 0
20	12113457	GA	0 0	0 0	0 0
20	12113583	AG	0 0	1 0	0 0
20	12113848	AG	0 0	0 0	0 0
20	12113991	CA	0 0	1 0	0 0
20	12114159	AG	0 0	1 0	1 0
20	12114205	TA	0 1	0 0	1 0
20	12114433	TC	0 0	0 0	0 0
20	12114622	CT	0 1	1 0	1 0
20	12114661	TA	0 1	0 0	1 0
20	12114666	CT	0 1	1 0	1 0
20	12114755	CG	0 0	1 0	0 0
20	12114761	AG	0 1	0 0	0 0
20	12114829	TA	0 1	0 0	0 0
20	12114871	GC	0 0	1 0	0 0
20	12115470	CT	0 0	0 0	0 0
20	12115611	GT	0 0	0 0	0 0
20	12115917	CT	0 1	1 0	1 0
20	12116090	AT	0 1	1 0	0 0
20	12116305	TC	0 1	0 0	1 0
20	12116376	AT	0 0	1 0	0 0
20	12116447	TC	0 0	1 0	0 0
20	12116726	GA	0 0	1 0	0 0
20	12116815	TG	1 0	1 0	1 0
20	12116985	CA	0 0	1 0	0 0
20	12117078	TC	0 1	0 0	0 0
20	12117115	TA	0 0	1 0	1 0
20	12117237	TC	0 0	1 0	1 0
20	12117527	CT	0 0	0 0	0 0
20	12117642	TC	1 0	1 0	1 0
20	12117721	TC	0 0	1 0	1 0
20	12117789	TA	0 0	1 0	1 0
20	12118064	TG	0 1	1 0	0 0
20	12118177	AG	0 1	1 0	0 0
20	12118203	GA	0 0	0 0	0 0
20	12118295	GC	0 0	0 0	0 0
20	12118297	CT	1 0	1 0	1 0
20	12118421	AG	0 0	1 0	0 0
20	12118438	CT	1 0	1 0	1 0
20	12118493	AG	0 0	0 0	0 0
20	12118651	AG	0 1	1 0	1 0
20	12118757	CT	0 1	0 0	0 0
20	12118793	GA	0 0	0 0	0 0
20	12118896	TC	1 0	1 0	1 0
20	12119613	AT	0 0	1 0	1 0
20	12119671	TC	0 1	1 0	0 0
20	12119964	CT	0 0	1 0	1 0
20	12120337	AG	0 0	1 0	1 0
20	12120625	GA	0 0	1 0	1 0
20	12120643	CG	0 1	1 0	1 0
20	12120729	GA	0 0	1 0	1 0
20	12120803	GC	1 0	1 0	1 0
20	12121309	TC	0 0	1 0	1 0
20	12121450	TA	0 1	1 0	0 0
20	12121452	TA	0 0	0 0	0 0
20	12121453	TA	0 0	0 0	0 0
20	12121670	AG	1 0	1 0	1 0
20	12122027	AG	0 0	1 0	0 0
20	12122322	CT	0 0	0 0	0 0
20	12122486	AT	0 0	1 0	0 0
20	12123060	CT	0 1	1 0	0 0
20	12123545	TC	0 1	1 0	0 0
20	12124018	TC	1 0	1 0	1 0
20	12124181	AG	0 0	0 0	0 0
20	12124312	GA	0 0	0 0	0 0
20	12124450	AG	1 0	1 0	1 0
20	12124455	CG	0 0	0 0	0 0
20	12124910	CT	0 1	1 0	1 0
20	12124957	GA	0 0	1 0	1 0
20	12125091	AG	0 0	1 0	0 0
20	12125244	TC	0 1	1 0	1 0
20	12125249	CT	0 0	1 0	0 0
20	12125337	AG	0 1	0 0	1 0
20	12125435	GA	0 0	0 0	0 0
20	12125640	GA	0 0	1 0	0 0
20	12125710	CT	0 0	1 0	1 0
20	12125925	CT	1 0	1 0	1 0
20	12125942	GC	0 0	1 0	1 0
20	12125979	CA	0 1	0 0	0 0
20	12125993	TC	0 1	0 0	0 0
20	12126072	GC	0 1	0 0	1 0
20	12126575	TC	0 1	1 0	0 0
20	12126694	AG	1 0	1 0	1 0
20	12126966	TA	0 0	1 0	1 0
20	12126974	CA	0 1	1 0	0 0
20	12127152	AG	0 0	1 0	1 0
20	12127285	GT	0 1	0 0	1 0
20	12127322	AT	0 0	0 0	0 0
20	12127646	AG	0 1	1 0	0 0
20	12127660	GA	0 1	0 0	1 0
20	12127977	CT	1 0	1 0	1 0
20	12128082	TC	0 0	0 0	0 0
20	12128323	CT	0 0	0 0	0 0
20	12128510	AG	1 0	1 0	1 0
20	12129164	AG	0 1	1 0	1 0
20	12129346	AG	1 0	1 0	1 0
20	12129689	GA	1 0	1 0	1 0
20	12129756	TC	0 0	0 0	0 0
20	12129887	AG	0 0	1 0	1 0
20	12129906	TC	0 1	0 0	1 0
20	12129912	TC	0 0	1 0	0 0
20	12129965	AC	0 0	1 0	0 0
20	12129971	TC	0 0	1 0	1 0
20	12130109	TC	0 1	0 0	0 0
20	12130253	TC	0 0	0 0	0 0
20	12130602	TC	0 0	1 0	0 0
20	12131110	AG	0 1	1 0	0 0
20	12131242	AG	0 0	1 0	0 0
20	12131416	GA	1 0	1 0	1 0
20	12131751	GA	0 0	0 0	0 0
20	12131933	TA	0 1	0 0	0 0
20	12132010	AG	1 0	1 0	1 0
20	12132221	CT	1 0	1 0	1 0
20	12132323	CT	0 0	1 0	1 0
20	12132350	GT	1 0	1 0	1 0
20	12132549	CT	0 0	1 0	0 0
20	12132620	AC	0 0	1 0	0 0
20	12132811	AT	1 0	1 0	1 0
20	12133256	AT	1 0	1 0	1 0
20	12133375	AG	0 0	1 0	1 0
20	12133935	AG	0 1	0 0	1 0
20	12134034	TC	1 0	1 0	1 0
20	12134083	GA	0 1	0 0	1 0
20	12134161	GC	0 0	1 0	0 0
20	12134224	GA	0 0	0 0	0 0
20	12134523	CG	0 0	1 0	0 0
20	12134582	TA	0 0	1 0	0 0
20	12134816	AG	1 0	1 0	1 0
20	12134984	CG	0 0	0 0	0 0
20	12135083	AG	0 1	1 0	0 0
20	12135117	CT	1 0	1 0	1 0
20	12135156	CA	0 1	1 0	1 0
20	12135411	AG	0 1	1 0	0 0
20	12135970	AG	0 0	0 0	0 0
20	12135982	TC	0 0	1 0	1 0
20	12136532	GC	0 1	0 0	0 0
20	12136930	TA	0 0	1 0	1 0
20	12137060	GA	0 0	1 0	0 0
20	12137144	AG	0 0	0 0	0 0
20	12137318	CT	0 0	0 0	0 0
20	12137399	AG	0 1	1 0	1 0
20	12137467	AG	0 0	0 0	0 0
20	12138004	CG	0 1	1 0	0 0
20	12138196	TC	1 0	1 0	1 0
20	12138429	TC	1 0	1 0	1 0
20	12138952	TC	0 0	0 0	0 0
20	12139544	CT	0 0	0 0	0 0
20	12139568	GA	0 1	1 0	0 0
20	12139817	AC	0 1	0 0	1 0
20	12140056	AG	0 0	1 0	1 0
20	12140361	AG	0 1	1 0	0 0
20	12140566	TC	0 1	0 0	0 0
20	12140596	AG	0 0	1 0	1 0
20	12140894	CT	1 0	1 0	1 0
20	12140958	CG	0 0	1 0	1 0
20	12141112	AG	0 1	1 0	1 0
20	12141643	TC	1 0	1 0	1 0
20	12141685	GA	0 0	0 0	0 0
20	12141749	TA	0 0	0 0	0 0
20	12142206	AG	0 0	0 0	0 0
20	12142649	CT	1 0	1 0	1 0
20	12142908	AC	1 0	1 0	1 0
20	12142943	TC	0 1	1 0	0 0
20	12142975	TC	0 0	0 0	0 0
20	12144302	TG	0 1	0 0	1 0
20	12144828	GA	0 0	1 0	0 0
20	12145537	AT	0 0	1 0	0 0
20	12145833	GA	0 0	1 0	0 0
20	12145939	GA	0 1	1 0	1 0
20	12146061	GA	0 1	0 0	0 0
20	12146089	GT	0 0	1 0	0 0
20	12146374	CT	0 0	1 0	0 0
20	12146892	GA	0 0	0 0	0 0
20	12147210	TC	0 1	0 0	0 0
20	12147382	GA	0 0	0 0	0 0
20	12147751	TA	0 1	1 0	1 0
20	12148451	CT	1 0	1 0	1 0
20	12148992	TC	0 0	1 0	0 0
20	12149142	CT	0 1	1 0	1 0
20	12149156	CT	0 0	1 0	1 0
20	12149447	AT	0 0	1 0	0 0
20	12149491	TC	0 1	1 0	1 0
20	12149617	GA	0 0	1 0	0 0
20	12150042	CT	1 0	1 0	1 0
20	12150371	GA	0 1	1 0	1 0
20	12150387	AG	0 0	1 0	0 0
20	12150580	GA	0 0	0 0	0 0
20	12151039	TA	0 1	0 0	0 0
20	12151125	TA	0 1	0 0	0 0
20	12151248	TC	0 0	0 0	0 0
20	12151414	TC	0 1	0 0	1 0
20	12151428	GT	0 0	1 0	0 0
20	12151449	CT	0 0	1 0	1 0
20	12151521	GA	0 1	0 0	1 0
20	12151548	AG	0 1	1 0	1 0
20	12151654	CT	0 1	1 0	1 0
20	12152008	CT	0 0	0 0	0 0
20	12152195	CT	0 0	1 0	1 0
20	12152308	GA	1 0	1 0	1 0
20	12152415	CT	1 0	1 0	1 0
20	12152738	CT	0 1	1 0	0 0
20	12153321	CT	0 0	0 0	0 0
20	12153352	AG	1 0	1 0	1 0
20	12153396	TC	0 1	0 0	1 0
20	12154144	AG	0 1	1 0	0 0
20	12154278	AG	0 0	0 0	0 0
20	12154538	TA	1 0	1 0	1 0
20	12155246	CT	0 0	1 0	1 0
20	12155366	TC	0 1	0 0	0 0
20	12155742	GC	0 0	0 0	0 0
20	12156200	CG	0 1	1 0	1 0
20	12156211	CA	0 0	1 0	0 0
20	12156604	CT	0 1	0 0	0 0
20	12156721	TC	1 0	1 0	1 0
20	12156846	CT	0 0	0 0	0 0
20	12156940	AG	1 0	1 0	1 0
20	12157005	GT	0 1	1 0	1 0
20	12157160	GA	0 0	0 0	0 0
20	12157212	CT	0 0	1 0	0 0
20	12157833	GA	0 0	1 0	0 0
20	12157913	GC	0 0	1 0	1 0
20	12158151	AG	0 0	1 0	1 0
20	12158459	AG	0 1	1 0	1 0
20	12158670	GC	0 1	0 0	1 0
20	12158734	CT	0 0	1 0	1 0
20	12159108	TG	1 0	1 0	1 0
20	12159155	GT	0 1	1 0	1 0
20	12159179	AG	0 1	1 0	0 0
20	12159707	TC	0 0	0 0	0 0
20	12159828	AG	0 1	1 0	0 0
20	12159884	CT	0 1	0 0	0 0
20	12160369	CA	0 1	0 0	0 0
20	12160515	AG	0 0	0 0	0 0
20	12160731	AG	1 0	1 0	1 0
20	12160785	GA	0 0	0 0	0 0
20	12160873	GA	0 0	0 0	0 0
20	12160911	TA	1 0	1 0	1 0
20	12161260	AG	0 0	1 0	1 0
20	12161355	AG	0 1	0 0	0 0
20	12161495	TC	0 1	0 0	1 0
20	12161616	CG	0 1	1 0	0 0
20	12161912	TC	0 1	0 0	0 0
20	12162026	TC	0 1	0 0	1 0
20	12162661	GA	0 1	0 0	1 0
20	12162770	CT	0 1	1 0	0 0
20	12162889	AC	0 1	1 0	0 0
20	12162914	GT	1 0	1 0	1 0
20	12163183	CA	1 0	1 0	1 0
20	12163186	GC	0 1	1 0	0 0
20	12163297	TC	1 0	1 0	1 0
20	12163458	AT	0 1	1 0	0 0
20	12163518	GC	0 1	1 0	0 0
20	12163816	CT	1 0	1 0	1 0
20	12163851	TC	1 0	1 0	1 0
20	12164040	TC	0 0	0 0	0 0
20	12164075	TA	1 0	1 0	1 0
20	12164096	AG	0 0	0 0	0 0
20	12164598	CA	0 0	0 0	0 0
20	12164618	GA	1 0	1 0	1 0
20	12164919	TA	0 1	0 0	0 0
20	12164988	GA	0 0	1 0	1 0
20	12165193	GT	0 1	0 0	1 0
20	12165308	GT	0 1	0 0	1 0
20	12165437	AC	0 0	0 0	0 0
20	12165548	AG	0 1	0 0	0 0
20	12165709	AG	1 0	1 0	1 0
20	12166249	CT	0 1	1 0	1 0
20	12166279	GA	0 0	1 0	0 0
20	12166294	CT	0 1	0 0	0 0
20	12166350	TA	0 0	1 0	0 0
20	12166445	TA	0 1	0 0	0 0
20	12166688	CG	0 1	1 0	1 0
20	12166737	CA	0 0	1 0	1 0
20	12166868	CT	0 0	0 0	0 0
20	12166909	TC	0 0	1 0	0 0
20	12167302	TC	0 1	1 0	0 0
20	12167344	GA	0 0	1 0	0 0
20	12167363	AC	1 0	1 0	1 0
20	12167370	CA	0 0	1 0	0 0
20	12167651	AG	0 1	0 0	1 0
20	12167710	CT	1 0	1 0	1 0
20	12167714	CT	0 1	1 0	0 0
20	12167826	GC	0 0	0 0	0 0
20	12168027	GC	0 0	0 0	0 0
20	12168371	GA	1 0	1 0	1 0
20	12168389	TC	0 0	0 0	0 0
20	12168474	TC	0 1	1 0	0 0
20	12168745	CT	0 0	1 0	1 0
20	12168803	CA	1 0	1 0	1 0
20	12169490	AT	0 0	1 0	1 0
20	12169557	TC	0 1	1 0	0 0
20	12169647	TC	0 1	1 0	0 0
20	12169650	GA	1 0	1 0	1 0
20	12169729	CT	0 0	1 0	1 0
20	12169905	TC	0 0	0 0	0 0
20	12170025	GA	0 1	0 0	1 0
20	12170084	TG	0 0	1 0	1 0
20	12170096	GC	0 0	1 0	1 0
20	12170239	CT	0 1	1 0	0 0
20	12170277	GA	0 0	1 0	0 0
20	12170296	TC	1 0	1 0	1 0
20	12170323	GA	1 0	1 0	1 0
20	12170396	GA	0 1	0 0	1 0
20	12170665	GC	0 1	1 0	1 0
20	12171094	AT	0 1	0 0	1 0
20	12171131	AG	1 0	1 0	1 0
20	12171243	CT	0 1	0 0	1 0
20	12171355	TC	0 0	0 0	0 0
20	12171425	GT	0 0	1 0	0 0
20	12171438	TC	0 0	1 0	1 0
20	12171493	CT	0 0	0 0	0 0
20	12171509	CT	1 0	1 0	1 0
20	12171542	CT	0 1	1 0	1 0
20	12171613	CA	0 1	0 0	0 0
20	12171675	AT	0 0	1 0	0 0
20	12171816	GC	0 0	1 0	0 0
20	12171850	CG	0 0	0 0	0 0
20	12171917	TC	0 0	1 0	0 0
20	12172050	TC	0 0	0 0	0 0
20	12172128	CA	0 1	0 0	1 0
20	12172135	TC	0 1	1 0	0 0
20	12172146	AG	0 0	1 0	1 0
20	12172155	CT	1 0	1 0	1 0
20	12172156	GA	0 1	1 0	1 0
20	12172240	AC	0 1	1 0	0 0
20	12172376	GC	0 1	0 0	1 0
20	12172425	TG	0 0	0 0	0 0
20	12172657	TC	0 1	1 0	1 0
20	12172662	TG	0 0	1 0	0 0
20	12172792	AG	1 0	1 0	1 0
20	12173018	GT	0 0	1 0	0 0
