chr	pos	allele	samp1	samp2	samp3
20	12026201	AG	0 1	1 0	0 0
20	12026479	AC	0 1	1 0	0 0
20	12027098	GC	0 1	1 0	0 0
20	12027910	GA	0 1	1 0	0 0
20	12028059	AG	0 1	1 0	0 0
20	12028590	AG	0 1	1 0	0 0
20	12028662	AG	0 1	1 0	0 0
20	12029038	TC	0 1	1 0	0 0
20	12029619	CT	0 1	1 0	0 0
20	12029716	CT	0 1	1 0	0 0
20	12030163	CT	0 1	1 0	0 0
20	12030342	GA	0 1	1 0	0 0
20	12030373	AG	0 1	1 0	0 0
20	12030793	CT	0 1	1 0	0 0
20	12030887	AG	0 1	1 0	0 0
20	12030904	CT	0 1	1 0	0 0
20	12031007	GA	0 1	1 0	0 0
20	12031851	GA	0 1	1 0	0 0
20	12032006	GA	0 1	1 0	0 0
20	12032020	CT	0 1	1 0	0 0
20	12032390	CT	0 1	1 0	0 0
20	12032928	GT	0 1	1 0	0 0
20	12033098	GA	0 1	1 0	0 0
20	12033613	AC	0 1	1 0	0 0
20	12033963	CT	0 1	1 0	0 0
20	12034196	CT	0 1	1 0	0 0
20	12034419	AG	0 1	1 0	0 0
20	12034531	CT	0 1	1 0	0 0
20	12034619	GA	0 1	1 0	0 0
20	12034629	TC	0 1	1 0	0 0
20	12034818	AG	0 1	1 0	0 0
20	12034879	GA	0 1	1 0	0 0
20	12035796	CT	0 1	1 0	0 0
20	12036157	TC	0 1	1 0	0 0
20	12036587	AT	0 1	1 0	0 0
20	12036798	CA	0 1	1 0	0 0
20	12037478	GA	0 1	1 0	0 0
20	12037845	CT	0 1	1 0	0 0
20	12038094	AG	0 1	1 0	0 0
20	12038105	AG	0 1	1 0	0 0
20	12038126	GA	0 1	1 0	0 0
20	12038301	AC	0 1	1 0	0 0
20	12038339	GT	0 1	1 0	0 0
20	12038379	CT	0 1	1 0	0 0
20	12038593	CT	0 1	1 0	0 0
20	12038609	AG	0 1	1 0	0 0
20	12038640	CT	0 1	1 0	0 0
20	12038673	GA	0 1	1 0	0 0
20	12038763	CT	0 1	1 0	0 0
20	12038794	TC	0 1	1 0	0 0
20	12039103	GA	0 1	1 0	0 0
20	12039205	AG	0 1	1 0	0 0
20	12039542	AG	0 1	1 0	0 0
20	12039607	TG	0 1	1 0	0 0
20	12039845	TG	0 1	1 0	0 0
20	12039877	AG	0 1	1 0	0 0
20	12039984	AG	0 1	1 0	0 0
20	12040222	TC	0 1	1 0	0 0
20	12040626	TA	0 1	1 0	0 0
20	12040737	CT	0 1	1 0	0 0
20	12040746	GA	0 1	1 0	0 0
20	12041016	AC	0 1	1 0	0 0
20	12041419	CA	0 1	1 0	0 0
20	12041591	AT	0 1	1 0	0 0
20	12041678	TG	0 1	1 0	0 0
20	12041712	AT	0 1	1 0	0 0
20	12041726	GA	0 1	1 0	0 0
20	12041727	AG	0 1	1 0	0 0
20	12042136	CT	0 1	1 0	0 0
20	12042210	CT	0 1	1 0	0 0
20	12042356	CT	0 1	1 0	0 0
20	12042514	TC	0 1	1 0	0 0
20	12042525	AC	0 1	1 0	0 0
20	12042692	AG	0 1	1 0	0 0
20	12042769	AC	0 1	1 0	0 0
20	12042912	CA	0 1	1 0	0 0
20	12042999	CT	0 1	1 0	0 0
20	12043202	AG	0 1	1 0	0 0
20	12043325	GA	0 1	1 0	0 0
20	12043451	GA	0 1	1 0	0 0
20	12043487	TG	0 1	1 0	0 0
20	12043520	AG	0 1	1 0	0 0
20	12043527	AT	0 1	1 0	0 0
20	12043623	CT	0 1	1 0	0 0
20	12043748	TC	0 1	1 0	0 0
20	12043812	AG	0 1	1 0	0 0
20	12043823	CT	0 1	1 0	0 0
20	12044188	CG	0 1	1 0	0 0
20	12044223	AG	0 1	1 0	0 0
20	12044486	GC	0 1	1 0	0 0
20	12044560	AC	0 1	1 0	0 0
20	12044564	TC	0 1	1 0	0 0
20	12044640	AG	0 1	1 0	0 0
20	12044811	GA	0 1	1 0	0 0
20	12044927	AG	0 1	1 0	0 0
20	12045228	TA	0 1	1 0	0 0
20	12045249	CT	0 1	1 0	0 0
20	12045610	AG	0 1	1 0	0 0
20	12045686	CT	0 1	1 0	0 0
20	12045929	CT	0 1	1 0	0 0
20	12046072	CA	0 1	1 0	0 0
20	12046109	AG	0 1	1 0	0 0
20	12046129	GA	0 1	1 0	0 0
20	12046453	AG	0 1	1 0	0 0
20	12046546	CT	0 1	1 0	0 0
20	12046569	CG	0 1	1 0	0 0
20	12046626	AC	0 1	1 0	0 0
20	12046687	GA	0 1	1 0	0 0
20	12046991	TG	0 1	1 0	0 0
20	12046998	CA	0 1	1 0	0 0
20	12047120	TC	0 1	1 0	0 0
20	12047163	GA	0 1	1 0	0 0
20	12047235	CT	0 1	1 0	0 0
20	12047242	AG	0 1	1 0	0 0
20	12047731	TG	0 1	1 0	0 0
20	12047745	TA	0 1	1 0	0 0
20	12047836	CG	0 1	1 0	0 0
20	12047955	CT	0 1	1 0	0 0
20	12047977	AC	0 1	1 0	0 0
20	12048024	TC	0 1	1 0	0 0
20	12048386	AG	0 1	1 0	0 0
20	12048536	GA	0 1	1 0	0 0
20	12048706	TC	0 1	1 0	0 0
20	12048980	CG	0 1	1 0	0 0
20	12049008	CA	0 1	1 0	0 0
20	12049030	GA	0 1	1 0	0 0
20	12049165	CT	0 1	1 0	0 0
20	12049197	TG	0 1	1 0	0 0
20	12049314	TC	0 1	1 0	0 0
20	12049317	CT	0 1	1 0	0 0
20	12049372	AC	0 1	1 0	0 0
20	12049380	AG	0 1	1 0	0 0
20	12049762	TC	0 1	1 0	0 0
20	12049835	CT	0 1	1 0	0 0
20	12050112	GC	0 1	1 0	0 0
20	12050293	TC	0 1	1 0	0 0
20	12050383	CT	0 1	1 0	0 0
20	12050526	AG	0 1	1 0	0 0
20	12050903	CT	0 1	1 0	0 0
20	12050905	GC	0 1	1 0	0 0
20	12050995	CT	0 1	1 0	0 0
20	12051335	CT	0 1	1 0	0 0
20	12051534	AG	0 1	1 0	0 0
20	12051590	AC	0 1	1 0	0 0
20	12051824	GA	0 1	1 0	0 0
20	12051956	CG	0 1	1 0	0 0
20	12052345	GA	0 1	1 0	0 0
20	12052533	TC	0 1	1 0	0 0
20	12053047	CA	0 1	1 0	0 0
20	12053275	CT	0 1	1 0	0 0
20	12053463	TC	0 1	1 0	0 0
20	12053495	CT	0 1	1 0	0 0
20	12053527	AG	0 1	1 0	0 0
20	12053632	CG	0 1	1 0	0 0
20	12054152	AG	0 1	1 0	0 0
20	12054487	GA	0 1	1 0	0 0
20	12054604	CT	0 1	1 0	0 0
20	12055026	TC	0 1	1 0	0 0
20	12055033	AG	0 1	1 0	0 0
20	12055272	AT	0 1	1 0	0 0
20	12055280	GC	0 1	1 0	0 0
20	12055438	CT	0 1	1 0	0 0
20	12056294	CT	0 1	1 0	0 0
20	12056451	CA	0 1	1 0	0 0
20	12056636	TC	0 1	1 0	0 0
20	12057001	GA	0 1	1 0	0 0
20	12057022	GA	0 1	1 0	0 0
20	12057130	CT	0 1	1 0	0 0
20	12057152	GC	0 1	1 0	0 0
20	12057157	CT	0 1	1 0	0 0
20	12057375	CT	0 1	1 0	0 0
20	12057380	CT	0 1	1 0	0 0
20	12057421	TC	0 1	1 0	0 0
20	12057659	TC	0 1	1 0	0 0
20	12057761	GA	0 1	1 0	0 0
20	12057938	AG	0 1	1 0	0 0
20	12058048	AG	0 1	1 0	0 0
20	12058131	CT	0 1	1 0	0 0
20	12058307	CT	0 1	1 0	0 0
20	12058368	GA	0 1	1 0	0 0
20	12058391	CT	0 1	1 0	0 0
20	12058479	CT	0 1	1 0	0 0
20	12058571	GA	0 1	1 0	0 0
20	12058581	GA	0 1	1 0	0 0
20	12058669	AG	0 1	1 0	0 0
20	12058809	TA	0 1	1 0	0 0
20	12058978	CT	0 1	1 0	0 0
20	12059280	CG	0 1	1 0	0 0
20	12059643	GA	0 1	1 0	0 0
20	12059797	GA	0 1	1 0	0 0
20	12060185	GA	0 1	1 0	0 0
20	12060312	TC	0 1	1 0	0 0
20	12060395	TG	0 1	1 0	0 0
20	12060525	CT	0 1	1 0	0 0
20	12061279	GC	0 1	1 0	0 0
20	12061317	GA	0 1	1 0	0 0
20	12061501	TC	0 1	1 0	0 0
20	12061848	CT	0 1	1 0	0 0
20	12062561	TC	0 1	1 0	0 0
20	12062574	GA	0 1	1 0	0 0
20	12062582	AG	0 1	1 0	0 0
20	12062648	GA	0 1	1 0	0 0
20	12062880	GA	0 1	1 0	0 0
20	12063253	GA	0 1	1 0	0 0
20	12063266	TG	0 1	1 0	0 0
20	12063279	TC	0 1	1 0	0 0
20	12063550	AG	0 1	1 0	0 0
20	12063615	CG	0 1	1 0	0 0
20	12063683	GA	0 1	1 0	0 0
20	12063932	AC	0 1	1 0	0 0
20	12064143	GA	0 1	1 0	0 0
20	12064152	TC	0 1	1 0	0 0
20	12064238	GA	0 1	1 0	0 0
20	12064618	GA	0 1	1 0	0 0
20	12064981	AT	0 1	1 0	0 0
20	12064993	CA	0 1	1 0	0 0
20	12065369	CT	0 1	1 0	0 0
20	12065664	CT	0 1	1 0	0 0
20	12065733	CG	0 1	1 0	0 0
20	12065762	TC	0 1	1 0	0 0
20	12065767	GA	0 1	1 0	0 0
20	12065815	TC	0 1	1 0	0 0
20	12066098	CT	0 1	1 0	0 0
20	12066132	GA	0 1	1 0	0 0
20	12066176	TC	0 1	1 0	0 0
20	12066197	AG	0 1	1 0	0 0
20	12066199	GA	0 1	1 0	0 0
20	12066236	GA	0 1	1 0	0 0
20	12066591	TG	0 1	1 0	0 0
20	12066759	CT	0 1	1 0	0 0
20	12066809	CT	0 1	1 0	0 0
20	12066920	CT	0 1	1 0	0 0
20	12067760	CT	0 1	1 0	0 0
20	12067965	AG	0 1	1 0	0 0
20	12067997	TG	0 1	1 0	0 0
20	12068758	AG	0 1	1 0	0 0
20	12068859	TC	0 1	1 0	0 0
20	12068905	GA	0 1	1 0	0 0
20	12068933	CT	0 1	1 0	0 0
20	12069036	TG	0 1	1 0	0 0
20	12069037	TC	0 1	1 0	0 0
20	12069077	TG	0 1	1 0	0 0
20	12069092	GA	0 1	1 0	0 0
20	12069138	CT	0 1	1 0	0 0
20	12069222	TC	0 1	1 0	0 0
20	12069595	CT	0 1	1 0	0 0
20	12069619	CT	0 1	1 0	0 0
20	12069732	TC	0 1	1 0	0 0
20	12070033	CT	0 1	1 0	0 0
20	12070055	CT	0 1	1 0	0 0
20	12070164	AG	0 1	1 0	0 0
20	12071025	GA	0 1	1 0	0 0
20	12071111	TC	0 1	1 0	0 0
20	12071292	TC	0 1	1 0	0 0
20	12071450	CT	0 1	1 0	0 0
20	12071859	CT	0 1	1 0	0 0
20	12072049	CT	0 1	1 0	0 0
20	12072201	AG	0 1	1 0	0 0
20	12072452	CT	0 1	1 0	0 0
20	12072695	TA	0 1	1 0	0 0
20	12073112	AG	0 1	1 0	0 0
20	12073308	AG	0 1	1 0	0 0
20	12073465	AT	0 1	1 0	0 0
20	12073700	TC	0 1	1 0	0 0
20	12074182	GA	0 1	1 0	0 0
20	12074214	AG	0 1	1 0	0 0
20	12074459	CG	0 1	1 0	0 0
20	12074551	CT	0 1	1 0	0 0
20	12074609	CT	0 1	1 0	0 0
20	12074710	GA	0 1	1 0	0 0
20	12074811	GC	0 1	1 0	0 0
20	12074890	CA	0 1	1 0	0 0
20	12075759	AT	0 1	1 0	0 0
20	12075760	TC	0 1	1 0	0 0
20	12075952	CT	0 1	1 0	0 0
20	12076029	AC	0 1	1 0	0 0
20	12076269	CG	0 1	1 0	0 0
20	12076952	GC	0 1	1 0	0 0
20	12076988	CT	0 1	1 0	0 0
20	12077099	AG	0 1	1 0	0 0
20	12077169	CT	0 1	1 0	0 0
20	12077306	TC	0 1	1 0	0 0
20	12077400	AG	0 1	1 0	0 0
20	12077402	GA	0 1	1 0	0 0
20	12077670	GA	0 1	1 0	0 0
20	12077714	CT	0 1	1 0	0 0
20	12078012	TG	0 1	1 0	0 0
20	12078120	CA	0 1	1 0	0 0
20	12078198	CT	0 1	1 0	0 0
20	12078244	CG	0 1	1 0	0 0
20	12078284	GA	0 1	1 0	0 0
20	12078347	GA	0 1	1 0	0 0
20	12078661	CT	0 1	1 0	0 0
20	12078714	CT	0 1	1 0	0 0
20	12079018	CT	0 1	1 0	0 0
20	12079061	TC	0 1	1 0	0 0
20	12079214	GA	0 1	1 0	0 0
20	12079251	TC	0 1	1 0	0 0
20	12079256	AG	0 1	1 0	0 0
20	12079676	GA	0 1	1 0	0 0
20	12080177	AT	0 1	1 0	0 0
20	12080332	AC	0 1	1 0	0 0
20	12080722	GT	0 1	1 0	0 0
20	12080761	CG	0 1	1 0	0 0
20	12080913	GA	0 1	1 0	0 0
20	12081030	GA	0 1	1 0	0 0
20	12081092	GA	0 1	1 0	0 0
20	12082381	TC	0 1	1 0	0 0
20	12082412	CT	0 1	1 0	0 0
20	12082692	AG	0 1	1 0	0 0
20	12083179	GA	0 1	1 0	0 0
20	12083220	AG	0 1	1 0	0 0
20	12083343	TG	0 1	1 0	0 0
20	12083599	TG	0 1	1 0	0 0
20	12083603	AG	0 1	1 0	0 0
20	12083838	AT	0 1	1 0	0 0
20	12083863	GA	0 1	1 0	0 0
20	12084155	GA	0 1	1 0	0 0
20	12084587	AC	0 1	1 0	0 0
20	12086041	CT	0 1	1 0	0 0
20	12086053	CT	0 1	1 0	0 0
20	12086222	CA	0 1	1 0	0 0
20	12086512	AC	0 1	1 0	0 0
20	12086815	AC	0 1	1 0	0 0
20	12086997	GA	0 1	1 0	0 0
20	12087578	AG	0 1	1 0	0 0
20	12088534	TC	0 1	1 0	0 0
20	12088568	AG	0 1	1 0	0 0
20	12088733	GT	0 1	1 0	0 0
20	12088965	AG	0 1	1 0	0 0
20	12089145	AG	0 1	1 0	0 0
20	12089215	AG	0 1	1 0	0 0
20	12089454	AG	0 1	1 0	0 0
20	12089732	AT	0 1	1 0	0 0
20	12089821	CA	0 1	1 0	0 0
20	12090274	GT	0 1	1 0	0 0
20	12091187	TC	0 1	1 0	0 0
20	12091352	AG	0 1	1 0	0 0
20	12091464	GA	0 1	1 0	0 0
20	12091756	GA	0 1	1 0	0 0
20	12091942	CA	0 1	1 0	0 0
20	12091981	CG	0 1	1 0	0 0
20	12092125	GA	0 1	1 0	0 0
20	12093068	AG	0 1	1 0	0 0
20	12093158	CT	0 1	1 0	0 0
20	12093618	TC	0 1	1 0	0 0
20	12093716	TC	0 1	1 0	0 0
20	12093724	AG	0 1	1 0	0 0
20	12093791	AC	0 1	1 0	0 0
20	12094623	GT	0 1	1 0	0 0
20	12094915	CT	0 1	1 0	0 0
20	12095055	TG	0 1	1 0	0 0
20	12095480	CT	0 1	1 0	0 0
20	12095973	AG	0 1	1 0	0 0
20	12096110	TC	0 1	1 0	0 0
20	12096464	TC	0 1	1 0	0 0
20	12096694	GC	0 1	1 0	0 0
20	12096884	CT	0 1	1 0	0 0
20	12096897	AG	0 1	1 0	0 0
20	12097831	CT	0 1	1 0	0 0
20	12097868	TC	0 1	1 0	0 0
20	12097931	CT	0 1	1 0	0 0
20	12097966	GA	0 1	1 0	0 0
20	12098010	CT	0 1	1 0	0 0
20	12098826	GA	0 1	1 0	0 0
20	12099255	GA	0 1	1 0	0 0
20	12099349	GT	0 1	1 0	0 0
20	12099793	AG	0 1	1 0	0 0
20	12099973	GA	0 1	1 0	0 0
20	12100071	GC	0 1	1 0	0 0
20	12100533	TC	0 1	1 0	0 0
20	12100641	TC	0 1	1 0	0 0
20	12100746	AG	0 1	1 0	0 0
20	12100804	GC	0 1	1 0	0 0
20	12100998	TC	0 1	1 0	0 0
20	12101028	CG	0 1	1 0	0 0
20	12101405	GA	0 1	1 0	0 0
20	12101517	AC	0 1	1 0	0 0
20	12101789	TA	0 1	1 0	0 0
20	12102094	TC	0 1	1 0	0 0
20	12102198	CA	0 1	1 0	0 0
20	12102222	AG	0 1	1 0	0 0
20	12102249	GT	0 1	1 0	0 0
20	12102387	AC	0 1	1 0	0 0
20	12102786	TG	0 1	1 0	0 0
20	12102795	CG	0 1	1 0	0 0
20	12103286	AG	0 1	1 0	0 0
20	12103286	AC	0 0	1 0	1 0
20	12103488	CT	0 1	1 0	0 0
20	12103578	GA	0 1	1 0	0 0
20	12103784	AG	0 1	1 0	0 0
20	12104324	AG	0 1	1 0	0 0
20	12104337	TA	0 1	1 0	0 0
20	12104362	TG	0 1	1 0	0 0
20	12105438	TC	0 1	1 0	0 0
20	12105443	GA	0 1	1 0	0 0
20	12105737	CA	0 1	1 0	0 0
20	12105803	CT	0 1	1 0	0 0
20	12105826	GC	0 1	1 0	0 0
20	12105843	GA	0 1	1 0	0 0
20	12107667	CT	0 1	1 0	0 0
20	12108093	TC	0 1	1 0	0 0
20	12108478	AG	0 1	1 0	0 0
20	12108952	CA	0 1	1 0	0 0
20	12109069	GT	0 1	1 0	0 0
20	12109336	CT	0 1	1 0	0 0
20	12109386	CT	0 1	1 0	0 0
20	12109911	GT	0 1	1 0	0 0
20	12110061	TC	0 1	1 0	0 0
20	12110084	GA	0 1	1 0	0 0
20	12110103	AG	0 1	1 0	0 0
20	12110106	AG	0 1	1 0	0 0
20	12110217	CT	0 1	1 0	0 0
20	12110334	CT	0 1	1 0	0 0
20	12110339	CA	0 1	1 0	0 0
20	12110440	AG	0 1	1 0	0 0
20	12110737	TC	0 1	1 0	0 0
20	12110839	TC	0 1	1 0	0 0
20	12110864	GT	0 1	1 0	0 0
20	12110947	AT	0 1	1 0	0 0
20	12110984	TC	0 1	1 0	0 0
20	12111313	TA	0 1	1 0	0 0
20	12111576	GA	0 1	1 0	0 0
20	12111669	AG	0 1	1 0	0 0
20	12111689	CT	0 1	1 0	0 0
20	12111806	GA	0 1	1 0	0 0
20	12112010	AG	0 1	1 0	0 0
20	12112117	AG	0 1	1 0	0 0
20	12112263	TC	0 1	1 0	0 0
20	12112479	GA	0 1	1 0	0 0
20	12112614	GA	0 1	1 0	0 0
20	12112723	GC	0 1	1 0	0 0
20	12112828	GA	0 1	1 0	0 0
20	12112920	TG	0 1	1 0	0 0
20	12113028	TG	0 1	1 0	0 0
20	12113070	AG	0 1	1 0	0 0
20	12113410	GT	0 1	1 0	0 0
20	12113416	CT	0 1	1 0	0 0
20	12113452	TC	0 1	1 0	0 0
20	12113457	GA	0 1	1 0	0 0
20	12113583	AG	0 1	1 0	0 0
20	12113848	AG	0 1	1 0	0 0
20	12113991	CA	0 1	1 0	0 0
20	12114159	AG	0 1	1 0	0 0
20	12114205	TA	0 1	1 0	0 0
20	12114433	TC	0 1	1 0	0 0
20	12114622	CT	0 1	1 0	0 0
20	12114661	TA	0 1	1 0	0 0
20	12114666	CT	0 1	1 0	0 0
20	12114755	CG	0 1	1 0	0 0
20	12114761	AG	0 1	1 0	0 0
20	12114829	TA	0 1	1 0	0 0
20	12114871	GC	0 1	1 0	0 0
20	12115470	CT	0 1	1 0	0 0
20	12115611	GT	0 1	1 0	0 0
20	12115917	CT	0 1	1 0	0 0
20	12116090	AT	0 1	1 0	0 0
20	12116305	TC	0 1	1 0	0 0
20	12116376	AT	0 1	1 0	0 0
20	12116447	TC	0 1	1 0	0 0
20	12116726	GA	0 1	1 0	0 0
20	12116815	TG	0 1	1 0	0 0
20	12116985	CA	0 1	1 0	0 0
20	12117078	TC	0 1	1 0	0 0
20	12117115	TA	0 1	1 0	0 0
20	12117237	TC	0 1	1 0	0 0
20	12117527	CT	0 1	1 0	0 0
20	12117642	TC	0 1	1 0	0 0
20	12117721	TC	0 1	1 0	0 0
20	12117789	TA	0 1	1 0	0 0
20	12118064	TG	0 1	1 0	0 0
20	12118177	AG	0 1	1 0	0 0
20	12118203	GA	0 1	1 0	0 0
20	12118295	GC	0 1	1 0	0 0
20	12118297	CT	0 1	1 0	0 0
20	12118421	AG	0 1	1 0	0 0
20	12118438	CT	0 1	1 0	0 0
20	12118493	AG	0 1	1 0	0 0
20	12118651	AG	0 1	1 0	0 0
20	12118757	CT	0 1	1 0	0 0
20	12118793	GA	0 1	1 0	0 0
20	12118896	TC	0 1	1 0	0 0
20	12119613	AT	0 1	1 0	0 0
20	12119671	TC	0 1	1 0	0 0
20	12119964	CT	0 1	1 0	0 0
20	12120337	AG	0 1	1 0	0 0
20	12120625	GA	0 1	1 0	0 0
20	12120643	CG	0 1	1 0	0 0
20	12120729	GA	0 1	1 0	0 0
20	12120803	GC	0 1	1 0	0 0
20	12121309	TC	0 1	1 0	0 0
20	12121450	TA	0 1	1 0	0 0
20	12121452	TA	0 1	1 0	0 0
20	12121453	TA	0 1	1 0	0 0
20	12121670	AG	0 1	1 0	0 0
20	12122027	AG	0 1	1 0	0 0
20	12122322	CT	0 1	1 0	0 0
20	12122486	AT	0 1	1 0	0 0
20	12123060	CT	0 1	1 0	0 0
20	12123545	TC	0 1	1 0	0 0
20	12124018	TC	0 1	1 0	0 0
20	12124181	AG	0 1	1 0	0 0
20	12124312	GA	0 1	1 0	0 0
20	12124450	AG	0 1	1 0	0 0
20	12124455	CG	0 1	1 0	0 0
20	12124910	CT	0 1	1 0	0 0
20	12124957	GA	0 1	1 0	0 0
20	12125091	AG	0 1	1 0	0 0
20	12125244	TC	0 1	1 0	0 0
20	12125249	CT	0 1	1 0	0 0
20	12125337	AG	0 1	1 0	0 0
20	12125435	GA	0 1	1 0	0 0
20	12125640	GA	0 1	1 0	0 0
